9.25 9.25 9.25 9.25 9.25 9.25 9.25 9.25 9.25 9.25 9.25 9.25 9.25 9.25 9.25 9.25 9.25 9.25 9.25 9.25 9.25 9.25 9.25 9.25 9.25 9.25 9.25 9.25 9.25 9.25
9.25 9.25 9.25 9.25 9.25 9.25 9.25 9.25 9.25 9.25 9.25 9.25 9.25 9.25 9.25 9.25 9.25 9.25 9.25 9.25 9.25 9.25 9.25 9.25 9.25 9.25 9.25 9.25 9.25 9.25
9.25 9.25 9.25 9.25 9.25 9.25 9.25 9.25 9.25 9.25 9.25 9.25 9.25 9.25 9.25 9.25 9.25 9.25 9.25 9.25 9.25 9.25 9.25 9.25 9.25 9.25 9.25 9.25 9.25 9.25
9.25 9.25 9.25 9.25 9.25 9.25 9.25 9.25 9.25 9.25 9.25 9.25 9.25 9.25 9.25 9.25 9.25 9.25 9.25 9.25 9.25 9.25 9.25 9.25 9.25 9.25 9.25 9.25 9.25 9.25
9.25 9.25 9.25 9.25 9.25 9.25 9.25 9.25 9.25 9.25 9.25 9.25 9.25 9.25 9.25 9.25 9.25 9.25 9.25 9.25 9.25 9.25 9.25 9.25 9.25 9.25 9.25 9.25 9.25 9.25
10.53 10.53 10.53 10.53 10.53 10.53 10.53 10.53 10.53 10.53 10.53 10.53 10.53 10.53 10.53 10.53 10.53 10.53 10.53 10.53 10.53 10.53 10.53 10.53 10.53 10.53 10.53 10.53 10.53 10.53
10.53 10.53 10.53 10.53 10.53 10.53 10.53 10.53 10.53 10.53 10.53 10.53 10.53 10.53 10.53 10.53 10.53 10.53 10.53 10.53 10.53 10.53 10.53 10.53 10.53 10.53 10.53 10.53 10.53 10.53
10.53 10.53 10.53 10.53 10.53 10.53 10.53 10.53 10.53 10.53 10.53 10.53 10.53 10.53 10.53 10.53 10.53 10.53 10.53 10.53 10.53 10.53 10.53 10.53 10.53 10.53 10.53 10.53 10.53 10.53
10.53 10.53 10.53 10.53 10.53 10.53 10.53 10.53 10.53 10.53 10.53 10.53 10.53 10.53 10.53 10.53 10.53 10.53 10.53 10.53 10.53 10.53 10.53 10.53 10.53 10.53 10.53 10.53 10.53 10.53
10.53 10.53 10.53 10.53 10.53 10.53 10.53 10.53 10.53 10.53 10.53 10.53 10.53 10.53 10.53 10.53 10.53 10.53 10.53 10.53 10.53 10.53 10.53 10.53 10.53 10.53 10.53 10.53 10.53 10.53
11.35 11.35 11.35 11.35 11.35 11.35 11.35 11.35 11.35 11.35 11.35 11.35 11.35 11.35 11.35 11.35 11.35 11.35 11.35 11.35 11.35 11.35 11.35 11.35 11.35 11.35 11.35 11.35 11.35 11.35
11.35 11.35 11.35 11.35 11.35 11.35 11.35 11.35 11.35 11.35 11.35 11.35 11.35 11.35 11.35 11.35 11.35 11.35 11.35 11.35 11.35 11.35 11.35 11.35 11.35 11.35 11.35 11.35 11.35 11.35
11.35 11.35 11.35 11.35 11.35 11.35 11.35 11.35 11.35 11.35 11.35 11.35 11.35 11.35 11.35 11.35 11.35 11.35 11.35 11.35 11.35 11.35 11.35 11.35 11.35 11.35 11.35 11.35 11.35 11.35
11.35 11.35 11.35 11.35 11.35 11.35 11.35 11.35 11.35 11.35 11.35 11.35 11.35 11.35 11.35 11.35 11.35 11.35 11.35 11.35 11.35 11.35 11.35 11.35 11.35 11.35 11.35 11.35 11.35 11.35
11.35 11.35 11.35 11.35 11.35 11.35 11.35 11.35 11.35 11.35 11.35 11.35 11.35 11.35 11.35 11.35 11.35 11.35 11.35 11.35 11.35 11.35 11.35 11.35 11.35 11.35 11.35 11.35 11.35 11.35